L	0.1600	2.7463	1477010443000000	0.0000	2.7500	0.0000	1.0000
R	2.8161	1.5724	1.0945	1477010443400000	-0.0220	3.0991	-0.1097	0.9940
L	-0.0271	3.5007	1477010443800000	-0.0938	3.4924	-0.2334	0.9724
R	3.5081	1.6236	1.6794	1477010444200000	-0.2143	3.8735	-0.3535	0.9354
L	-0.5332	4.0652	1477010444600000	-0.3817	4.2365	-0.4679	0.8838
R	4.9707	1.6832	0.9610	1477010445000000	-0.5932	4.5757	-0.5750	0.8181
L	-1.1121	4.7488	1477010445400000	-0.8456	4.8857	-0.6730	0.7396
R	4.7820	1.7783	1.1723	1477010445800000	-1.1348	5.1616	-0.7604	0.6494
L	-1.3613	5.2781	1477010446200000	-1.4564	5.3991	-0.8358	0.5490
R	5.4219	1.8591	0.8447	1477010446600000	-1.8051	5.5945	-0.8980	0.4399
L	-2.0133	5.7433	1477010447000000	-2.1756	5.7445	-0.9461	0.3239
R	5.7016	2.0130	0.9511	1477010447400000	-2.5620	5.8470	-0.9792	0.2028
L	-3.0992	5.9025	1477010447800000	-2.9582	5.9002	-0.9969	0.0785
R	6.5527	2.0988	0.9415	1477010448200000	-3.3579	5.9033	-0.9989	-0.0471
L	-3.7998	6.0186	1477010448600000	-3.7549	5.8563	-0.9851	-0.1719
R	6.2826	2.2310	0.2635	1477010449000000	-4.1429	5.7600	-0.9558	-0.2940
L	-4.4828	5.5528	1477010449400000	-4.5157	5.6157	-0.9114	-0.4115
R	7.0199	2.3399	0.4638	1477010449800000	-4.8675	5.4259	-0.8526	-0.5225
L	-5.1530	5.5576	1477010450200000	-5.1927	5.1935	-0.7804	-0.6252
R	7.4555	2.3929	-0.0382	1477010450600000	-5.4863	4.9222	-0.6959	-0.7181
L	-5.8394	4.6584	1477010451000000	-5.7435	4.6162	-0.6004	-0.7997
R	6.9849	2.4642	0.1957	1477010451400000	-5.9603	4.2804	-0.4955	-0.8686
L	-6.0026	3.9651	1477010451800000	-6.1333	3.9200	-0.3827	-0.9239
R	6.7881	2.6698	-0.0250	1477010452200000	-6.2599	3.5408	-0.2639	-0.9646
L	-6.3505	3.0367	1477010452600000	-6.3378	3.1487	-0.1409	-0.9900
R	7.4390	2.6927	-0.4475	1477010453000000	-6.3661	2.7500	-0.0157	-0.9999
L	-6.4890	2.1577	1477010453400000	-6.3441	2.3509	0.1097	-0.9940
R	6.5065	2.8525	-1.0588	1477010453800000	-6.2723	1.9576	0.2334	-0.9724
L	-6.0776	1.3742	1477010454200000	-6.1518	1.5765	0.3535	-0.9355
R	5.9547	2.9865	-0.9194	1477010454600000	-5.9844	1.2135	0.4679	-0.8838
L	-5.4290	0.5776	1477010455000000	-5.7729	0.8743	0.5750	-0.8182
R	5.4197	3.0034	-0.4840	1477010455400000	-5.5205	0.5643	0.6730	-0.7396
L	-5.4944	0.4443	1477010455800000	-5.2312	0.2884	0.7604	-0.6495
R	4.7566	3.1122	-0.3021	1477010456200000	-4.9097	0.0509	0.8358	-0.5490
L	-4.5788	-0.0263	1477010456600000	-4.5609	-0.1444	0.8980	-0.4400
R	4.5860	-3.0579	-1.1988	1477010457000000	-4.1904	-0.2945	0.9461	-0.3239
L	-3.8617	-0.3793	1477010457400000	-3.8040	-0.3970	0.9792	-0.2028
R	3.4409	-2.9674	-1.0973	1477010457800000	-3.4079	-0.4502	0.9969	-0.0785
L	-3.1241	-0.4411	1477010458200000	-3.0081	-0.4533	0.9989	0.0471
R	2.9790	-3.0390	-0.9877	1477010458600000	-2.6112	-0.4063	0.9851	0.1719
L	-2.4473	-0.2788	1477010459000000	-2.2232	-0.3100	0.9558	0.2940
R	1.8062	-3.0160	-0.9583	1477010459400000	-1.8504	-0.1657	0.9114	0.4115
L	-1.6278	0.0836	1477010459800000	-1.4986	0.0241	0.8527	0.5225
R	1.1013	2.9286	-0.1425	1477010460200000	-1.1734	0.2565	0.7804	0.6252
L	-0.6333	0.7854	1477010460600000	-0.8798	0.5278	0.6959	0.7181
R	0.5154	2.2462	1.0002	1477010461000000	-0.6226	0.8338	0.6004	0.7997
L	-0.7001	1.0971	1477010461400000	-0.4058	1.1697	0.4955	0.8686
R	2.0025	1.7088	0.8331	1477010461800000	-0.2327	1.5300	0.3827	0.9239
L	-0.0044	2.0522	1477010462200000	-0.1062	1.9092	0.2639	0.9645
R	2.5187	1.5774	1.1234	1477010462600000	-0.0282	2.3013	0.1409	0.9900
L	-0.2821	2.5607	1477010463000000	0.0000	2.7000	0.0157	0.9999
R	2.9698	1.5682	0.9054	1477010463400000	0.0110	3.0997	0.0785	0.9969
L	-0.2712	3.6605	1477010463800000	0.0704	3.4949	0.2028	0.9792
R	4.1127	1.5218	0.8436	1477010464200000	0.1789	3.8797	0.3240	0.9461
L	0.2686	4.0132	1477010464600000	0.3348	4.2478	0.4400	0.8980
R	4.5684	1.4195	0.8444	1477010465000000	0.5356	4.5934	0.5491	0.8358
L	0.6558	4.6908	1477010465400000	0.7781	4.9112	0.6495	0.7604
R	5.1431	1.2943	0.5451	1477010465800000	1.0585	5.1961	0.7397	0.6730
L	1.1798	5.4200	1477010466200000	1.3724	5.4436	0.8182	0.5750
R	5.4711	1.2724	0.7543	1477010466600000	1.7149	5.6497	0.8838	0.4679
L	1.8541	5.5643	1477010467000000	2.0805	5.8114	0.9355	0.3534
R	6.5583	1.1331	0.4499	1477010467400000	2.4635	5.9259	0.9724	0.2334
L	2.8611	5.9841	1477010467800000	2.8578	5.9915	0.9940	0.1097
R	6.9340	1.0135	0.6371	1477010468200000	3.2572	6.0072	0.9999	-0.0157
L	3.6438	5.8880	1477010468600000	3.6555	5.9727	0.9900	-0.1409
R	7.3774	0.9312	0.2855	1477010469000000	4.0463	5.8886	0.9646	-0.2639
L	4.5888	6.0976	1477010469400000	4.4234	5.7562	0.9239	-0.3827
R	7.3316	0.8483	0.0848	1477010469800000	4.7810	5.5775	0.8686	-0.4955
L	5.2069	5.4151	1477010470200000	5.1134	5.3554	0.7997	-0.6004
R	7.1457	0.7584	-0.1394	1477010470600000	5.4153	5.0934	0.7181	-0.6959
L	5.3986	4.8655	1477010471000000	5.6820	4.7956	0.6252	-0.7804
R	7.7485	0.6593	-0.2924	1477010471400000	5.9093	4.4668	0.5225	-0.8527
L	6.0486	4.0826	1477010471800000	6.0936	4.1121	0.4115	-0.9114
R	7.3615	0.5941	-0.4376	1477010472200000	6.2319	3.7370	0.2940	-0.9558
L	6.4948	3.2340	1477010472600000	6.3222	3.3476	0.1719	-0.9851
R	6.9186	0.4098	-0.0026	1477010473000000	6.3629	2.9500	0.0471	-0.9989
L	6.3581	2.4668	1477010473400000	6.3535	2.5503	-0.0785	-0.9969
R	6.8830	0.3267	-0.4501	1477010473800000	6.2941	2.1550	-0.2028	-0.9792
L	6.1729	1.8177	1477010474200000	6.1856	1.7703	-0.3239	-0.9461
R	6.7624	0.2590	-0.6894	1477010474600000	6.0297	1.4022	-0.4400	-0.8980
L	5.7484	1.0333	1477010475000000	5.8289	1.0565	-0.5490	-0.8358
R	5.7278	0.1253	-1.0081	1477010475400000	5.5864	0.7388	-0.6495	-0.7604
L	5.3435	0.5069	1477010475800000	5.3060	0.4539	-0.7396	-0.6730
R	5.0410	0.0440	-0.9572	1477010476200000	4.9920	0.2064	-0.8182	-0.5750
L	4.4947	-0.1054	1477010476600000	4.6496	0.0002	-0.8838	-0.4679
R	4.3810	-0.0433	-0.7270	1477010477000000	4.2840	-0.1614	-0.9354	-0.3535
L	3.9091	0.0444	1477010477400000	3.9010	-0.2759	-0.9724	-0.2334
R	3.7424	-0.1034	-0.7026	1477010477800000	3.5067	-0.3416	-0.9940	-0.1097
L	3.1066	-0.4640	1477010478200000	3.1072	-0.3573	-0.9999	0.0157
R	3.1768	-0.1052	-0.3480	1477010478600000	2.7090	-0.3228	-0.9900	0.1409
L	2.2449	0.1809	1477010479000000	2.3182	-0.2386	-0.9646	0.2639
R	1.9589	-0.0458	-0.9183	1477010479400000	1.9410	-0.1062	-0.9239	0.3827
L	1.5474	-0.1655	1477010479800000	1.5835	0.0725	-0.8686	0.4955
R	1.9111	0.2655	-0.5383	1477010480200000	1.2511	0.2946	-0.7997	0.6004
L	0.7247	0.6403	1477010480600000	0.9492	0.5566	-0.7181	0.6959
R	1.0531	0.9084	0.3172	1477010481000000	0.6825	0.8543	-0.6252	0.7804
L	0.3880	1.0777	1477010481400000	0.4552	1.1832	-0.5225	0.8526
R	1.4820	1.4184	1.3871	1477010481800000	0.2709	1.5379	-0.4115	0.9114
L	-0.0143	1.8060	1477010482200000	0.1326	1.9129	-0.2940	0.9558
R	1.9792	1.5629	0.6465	1477010482600000	0.0423	2.3024	-0.1719	0.9851
L	-0.0270	2.9531	1477010483000000	0.0016	2.7000	-0.0471	0.9989
